327365900
332078000
327999800
360398000
327998500
327617400
329757700
326498000
329248300
327417500
329516600
326859800
329650000
325477300
326371700
326280400
328031000
327326900
328118600
328773800
327394400
325234100
325332100
326720800
329639000
325452900
332716300
326025100
326156200
326676300
329128900
328417200
332980000
326881900
326245800
326189000
325376500
329088500
326020100
328171900
327060200
328172100
327327900
328623900
326526000
325959300
326023400
329055300
325508300
327016700
